   3.9116806e+00  -6.7641355e+00
   4.3819595e+01  -1.2869666e+02
  -9.4737059e+00   2.6278135e+01
   1.9283705e+02  -5.7318115e+02
   1.9269045e+02  -5.7867729e+02
   1.1182054e+02  -3.3153501e+02
   1.1803440e+01  -3.6897387e+01
   5.5785551e+01  -1.6896601e+02
  -1.5181858e+01   4.8437577e+01
   6.2477270e+01  -1.8679862e+02
  -5.9090335e+01   2.0930927e+02
   3.3739248e+01  -8.9111851e+01
  -3.2271365e+01   1.1180330e+02
   6.3779040e+00  -3.1448634e+01
   9.8981537e+01  -2.9827404e+02
   1.3868330e+01  -2.5549101e+01
   4.2466596e+01  -1.3486562e+02
   9.7640324e+00  -4.3295513e+01
   1.3322150e+01  -3.7929064e+01
   6.3391862e+01  -1.9422592e+02
  -9.0213308e+01   3.0330250e+02
   1.2231465e+02  -3.3374147e+02
  -2.3803819e+00  -9.9118348e+00
   2.1249260e+01  -7.2027378e+01
   1.0802375e+02  -3.0929408e+02
   1.0378876e+02  -3.1812526e+02
  -1.5595552e+02   4.4530304e+02
  -7.2763636e+01   2.1161647e+02
   9.4813533e+01  -2.8427735e+02
  -1.5612614e-01  -1.3885343e+01
   4.1260982e+01  -9.4733026e+01
   1.7705527e+02  -5.3807458e+02
  -1.5865106e+02   4.6819020e+02
   6.0201011e+01  -1.8433956e+02
  -8.7969971e+01   2.6709729e+02
  -1.1968298e+02   3.4316003e+02
  -6.8739081e+01   2.0650331e+02
  -5.2448267e+01   1.5614289e+02
   8.0660625e+01  -2.3461941e+02
   9.7417621e+01  -3.0514525e+02
  -1.2228912e+02   3.6700795e+02
  -7.4026769e+01   2.1454091e+02
   1.7640196e+01  -4.3042879e+01
   1.5305355e+02  -4.4131093e+02
   1.0923344e+02  -3.2852575e+02
   4.9882628e+01  -1.3531241e+02
   3.7859008e+01  -1.0968340e+02
  -5.2072640e+01   1.4663978e+02
   7.3525254e+01  -2.1726557e+02
   1.8832115e+02  -5.6248279e+02
   2.8629801e+01  -8.0583518e+01
   7.3125957e+00  -1.8963091e+01
   7.6529164e+00  -1.9490632e+01
  -3.4047213e-01   1.6576293e+01
   3.7199956e+01  -1.0507525e+02
   2.9956127e+01  -7.9296765e+01
  -8.7087063e+01   2.5194247e+02
   3.0273137e-01   1.1237355e+01
   1.1255337e+02  -3.5060249e+02
   1.6317060e+01  -5.2595074e+01
   1.1449173e+02  -3.5029507e+02
  -1.8534496e+01   4.5108437e+01
   3.1846615e+01  -8.7617383e+01
  -5.1755283e+01   1.5201260e+02
  -1.3443180e+01   2.8383212e+01
   2.4284217e+01  -5.4321450e+01
  -3.9527906e+01   1.0929556e+02
  -1.3311582e+02   4.0416595e+02
   1.0200746e+02  -3.0553150e+02
   1.1464323e+01  -2.9749847e+01
  -9.4459546e+01   2.8786447e+02
   1.2820762e+02  -3.8556587e+02
  -1.3828734e+01   4.6771894e+01
   9.9101481e+01  -3.0440913e+02
  -7.9713816e+01   2.3599641e+02
  -1.1032738e+02   3.4235043e+02
  -1.4829650e+01   4.6562775e+01
   3.2952759e+01  -1.1282554e+02
  -3.4493044e+01   1.0087218e+02
   1.6486874e+01  -3.3545847e+01
  -2.3516697e+01   6.6303259e+01
   3.4291986e+00  -7.8386576e+00
  -2.9075468e+01   9.5164867e+01
   1.9559385e+02  -5.9015454e+02
  -9.9731994e+01   3.1172816e+02
  -2.0443074e+01   6.4366598e+01
  -1.1037643e+02   3.4509656e+02
   3.5157025e+01  -1.0088798e+02
   4.6594769e+01  -1.3510067e+02
   6.1969405e+01  -1.6964268e+02
   1.2694568e+02  -3.8536843e+02
   1.1502134e+02  -3.4485200e+02
   2.3093910e+02  -6.8885950e+02
  -3.9536986e+01   1.2315620e+02
   9.0352279e+00  -2.8187819e+01
   1.4468277e+02  -4.3423596e+02
   1.2659089e+02  -3.7637637e+02
   4.9756754e+01  -1.6317406e+02
   8.0758864e+01  -2.4431140e+02
   1.7090221e+02  -5.1206806e+02
   6.6273872e+01  -1.9113965e+02
   9.6040967e+00  -3.9194237e+01
  -1.1296279e+02   3.3551668e+02
   3.5870182e+01  -9.6638836e+01
   7.5509443e+01  -2.3389563e+02
   6.1937544e+01  -1.8590070e+02
   1.2383627e+01  -3.0201921e+01
   4.7226659e+01  -1.2489575e+02
   2.1395395e+01  -5.7709613e+01
  -8.6124859e+01   2.5571852e+02
   5.5941516e+01  -1.6189731e+02
  -1.0673556e+02   3.1691755e+02
   4.4123489e+01  -1.3804666e+02
  -9.7446909e+01   2.8632010e+02
   1.0063081e+02  -3.1255355e+02
  -2.8495985e+01   1.0191294e+02
  -6.6430883e+01   2.0613118e+02
   1.0734333e+02  -3.1968234e+02
  -4.1815382e+01   1.3421438e+02
   1.4948777e+01  -4.5066623e+01
  -1.6727809e+01   4.1602895e+01
  -8.1466468e+01   2.5857485e+02
  -1.9052021e+01   7.3659164e+01
   1.7462052e+02  -5.2100083e+02
  -6.2760488e+01   1.8159815e+02
   3.6256218e+01  -1.1281151e+02
   5.0020173e+01  -1.5063722e+02
   9.9138522e+01  -2.9799317e+02
   1.1242288e+02  -3.2558482e+02
   1.4113222e+02  -4.5315960e+02
   4.4623645e+01  -1.4120385e+02
   6.2384156e+01  -1.8133454e+02
  -3.8139693e+01   1.0936325e+02
  -1.3195161e+02   3.8002376e+02
   5.6569763e+00  -8.0484182e+00
  -1.1204652e+00   3.4598542e+00
   1.1308371e+02  -3.5205695e+02
  -7.4547178e+01   2.2142792e+02
   7.5994191e+01  -2.2939636e+02
   4.2573577e+01  -1.3815449e+02
  -1.0360551e+02   3.1316356e+02
  -1.0740508e+02   3.0771570e+02
  -1.3352268e+02   4.2728228e+02
  -5.9346675e+01   1.7250123e+02
  -8.1300495e+01   2.5984179e+02
   1.1503888e+02  -3.3591645e+02
  -7.1983142e+01   2.0629037e+02
  -6.4094585e+00   2.5887933e+01
   1.0792296e+02  -3.3497831e+02
  -2.2112225e+01   6.5961757e+01
  -7.3610267e+01   2.3212722e+02
   1.5032311e+01  -3.8511453e+01
   3.2669541e+01  -8.6546876e+01
   7.7904179e+01  -2.2688870e+02
   9.9948793e+01  -2.9145493e+02
   1.1627874e+02  -3.5769872e+02
   6.0114960e+01  -1.7354442e+02
   8.3356400e+01  -2.7039369e+02
  -1.0487486e+02   3.1423465e+02
  -5.2594704e+01   1.6454879e+02
   2.5132936e+02  -7.6594874e+02
   9.0676219e+01  -2.6927095e+02
  -3.1440410e+01   9.0245253e+01
   6.4900723e+01  -1.9760666e+02
  -7.1354958e+00   2.5335367e+01
   1.6418957e+02  -4.9945113e+02
  -5.4450118e+01   1.6052145e+02
   5.0990697e+01  -1.4831843e+02
  -3.0524123e+01   8.3679940e+01
  -1.0240303e+02   3.0666339e+02
   3.9045258e+01  -1.2930187e+02
   1.4648487e+02  -4.6210530e+02
  -7.1509847e+01   2.2045920e+02
  -6.2858322e+01   1.9006910e+02
   2.9892001e+01  -8.8764417e+01
  -1.1312967e+02   3.4575926e+02
   5.5320524e+01  -1.4393605e+02
  -5.8339800e+01   1.8182554e+02
   3.3666313e+01  -1.0196815e+02
  -4.6808105e+01   1.4449555e+02
   1.0942949e+02  -3.1496041e+02
   7.6914923e+01  -2.2293100e+02
   6.0335567e+00  -5.0035823e+00
   8.9669330e+00  -4.0230368e+01
   5.6827903e+01  -1.7983467e+02
   3.7958099e+01  -1.1538394e+02
   7.7366608e+01  -2.3616824e+02
   4.3159979e+01  -1.2607537e+02
   3.1243671e+01  -8.9656865e+01
   1.1340286e+02  -3.2741452e+02
   9.6613193e+01  -2.7197216e+02
   7.1388706e+00  -3.2100421e+01
   1.0634292e+01  -2.8601404e+01
  -3.6612143e+01   1.1214485e+02
   6.1323813e+01  -2.0029441e+02
   1.5926086e+02  -4.7435306e+02
   3.9592062e+01  -1.2545162e+02
  -2.0421020e+01   6.9768159e+01
   1.7228975e+01  -6.0940818e+01
  -1.2911962e+01   4.4963668e+01
