   5.6128558e+00   1.0041047e+01
   3.8891501e+00   1.0223313e+01
   2.3094235e+00   1.1454020e+01
   5.9405101e+00   9.7732013e+00
   3.0293186e+00   1.0538827e+01
   9.4188802e-01   1.5088846e+01
   4.1312229e+00   1.0280845e+01
   3.0082076e+00   1.0482831e+01
   5.4064329e+00   9.9071697e+00
   9.4868888e-01   1.5174423e+01
   4.7007186e+00   1.0135305e+01
   5.6545419e+00   1.0068753e+01
   4.1747202e+00   1.0147504e+01
   3.2412052e+00   1.0557236e+01
   4.2752784e+00   1.0336775e+01
   5.8541782e+00   1.0056947e+01
   2.3397028e+00   1.1322554e+01
   3.2318446e-01   1.9561001e+01
   6.7941543e-02   2.2640145e+01
   4.0094078e+00   1.0220971e+01
   5.6251968e+00   1.0121889e+01
   6.9460609e-02   2.2579845e+01
   5.2301320e+00   1.0009773e+01
   1.1203760e-01   2.2123904e+01
   3.7582538e+00   1.0234207e+01
   2.3542518e+00   1.1278201e+01
   4.5329660e-01   1.8564214e+01
   6.5227807e-01   1.7075740e+01
   3.7244132e+00   1.0340732e+01
   5.3922800e+00   1.0124816e+01
   1.9186576e-01   2.1226494e+01
   5.3047287e-01   1.7919324e+01
   9.5407480e-01   1.5150296e+01
   3.6124477e+00   1.0407591e+01
   3.9284631e+00   1.0264653e+01
   5.6649218e+00   1.0081707e+01
   4.8316589e+00   1.0033644e+01
   5.1985556e+00   1.0108034e+01
   5.2255336e+00   1.0136027e+01
   1.0458421e+00   1.4639900e+01
   2.8225725e+00   1.0663948e+01
   2.1920753e+00   1.1418046e+01
   4.0415325e+00   1.0124889e+01
   4.7654655e+00   1.0029784e+01
   2.3324827e+00   1.1255841e+01
   1.9205445e+00   1.1979778e+01
   5.3407564e+00   1.0112318e+01
   4.0981976e+00   1.0426460e+01
   3.4504580e+00   1.0320043e+01
   5.6616206e+00   9.9934585e+00
